Reading file and creating adjacency list
Total No of Pages 88580
File read and Adjacency List creation time: 0.9858565330505371 secs

Constructing sparse matrix of in and out links
Matrix creation time: 0.3016386032104492 secs

Calculating Page Rank
Iteration 1
Iteration 2
Iteration 3
Iteration 4
Iteration 5
Iteration 6
Iteration 7
Iteration 8
Iteration 9
Iteration 10
Sum of all ranks = 1.0000000000012703
Page rank calculation time: 1.5459058284759521 secs
Rank Vector:
[6094, 0.0037559594468320745]
[1946, 0.003297159159063206]
[11142, 0.0032299731137242897]
[290, 0.002223447287770991]
[297, 0.001916796813006227]
[18060, 0.0014164391113312155]
[25510, 0.0012468725501824703]
[11260, 0.0012286775520158198]
[1441, 0.0012019100427664942]
[2841, 0.001198706846742642]
[13650, 0.0011687539460424792]
[1459, 0.0011182552914224251]
[13972, 0.0010643114356651952]
[2384, 0.0010340706115853529]
[10909, 0.001017010090180156]
[1409, 0.0009789976377260474]
[1532, 0.0009751883580913373]
[12481, 0.0009750281758550511]
[8799, 0.0009739496300296227]
[6101, 0.0009535993961520243]

Displaying top 20 webpages in the form of a network

Calculating Topic Specific Page Rank:
Teleport Set [1, 501, 1001, 1501, 2001, 2501, 3001, 3501, 4001, 4501, 5001, 5501, 6001, 6501, 7001, 7501, 8001, 8501, 9001, 9501, 10001, 10501, 11001, 11501, 12001, 12501, 13001, 13501, 14001, 14501, 15001, 15501, 16001, 16501, 17001, 17501, 18001, 18501, 19001, 19501, 20001, 20501, 21001, 21501, 22001, 22501, 23001, 23501, 24001, 24501, 25001, 25501, 26001, 26501, 27001, 27501, 28001, 28501, 29001, 29501, 30001, 30501, 31001, 31501, 32001, 32501, 33001, 33501, 34001, 34501, 35001, 35501, 36001, 36501, 37001, 37501, 38001, 38501, 39001, 39501, 40001, 40501, 41001, 41501, 42001, 42501, 43001, 43501, 44001, 44501, 45001, 45501, 46001, 46501, 47001, 47501, 48001, 48501, 49001, 49501, 50001, 50501, 51001, 51501, 52001, 52501, 53001, 53501, 54001, 54501, 55001, 55501, 56001, 56501, 57001, 57501, 58001, 58501, 59001, 59501, 60001, 60501, 61001, 61501, 62001, 62501, 63001, 63501, 64001, 64501, 65001, 65501, 66001, 66501, 67001, 67501, 68001, 68501, 69001, 69501, 70001, 70501, 71001, 71501, 72001, 72501, 73001, 73501, 74001, 74501, 75001, 75501, 76001, 76501, 77001, 77501, 78001, 78501, 79001, 79501, 80001, 80501, 81001, 81501, 82001, 82501, 83001, 83501, 84001, 84501, 85001, 85501, 86001, 86501, 87001, 87501, 88001, 88501]
Iteration 1
Iteration 2
Iteration 3
Iteration 4
Iteration 5
Iteration 6
Iteration 7
Iteration 8
Iteration 9
Iteration 10
Sum of all ranks = 1.0000000000000104
Topic Specific Rank Vector:
[19501, 0.01762588833768742]
[45001, 0.017621240528996815]
[66501, 0.017621164541767393]
[27501, 0.01761722029865495]
[43501, 0.011825534554383559]
[13001, 0.009631693997647394]
[76501, 0.009618567324761148]
[12501, 0.008512973211978456]
[80501, 0.007267631645262082]
[33501, 0.0071027357463994065]
[24501, 0.00652677659805573]
[48501, 0.00630862921799698]
[19001, 0.005334056373723847]
[33001, 0.005318683598139369]
[27001, 0.005318160062258611]
[56501, 0.005312106232879146]
[42501, 0.005154584356754779]
[22326, 0.004902830627705559]
[70501, 0.004297508331621307]
[1, 0.004131985991521172]

Total Running time: 6.539805173873901 secs

